"site" "Freq" "G'" "G\"" "n*" "tan"
"1" "beach" 100 24350.5 16339 293.242 0.67099238208661
"2" "beach" 63.0957 20463.6 13699.1 390.29 0.66943744013761
"3" "beach" 39.8105 17271.7 11488 521.05 0.665134294829113
"4" "beach" 25.1188 14629.8 9641.47 697.529 0.659029515099318
"5" "beach" 15.849 12431.1 8096.84 936.048 0.651337371592216
"6" "beach" 10.0001 10598.2 6818.59 1260.21 0.64337245947425
"7" "beach" 6.30957 9054.33 5759.92 1700.77 0.636150880297051
"8" "beach" 3.98105 7766.25 4888.74 2305.13 0.629485272815065
"9" "beach" 2.51189 6674.46 4175.39 3134.25 0.625577200252904
"10" "beach" 1.5849 5747.93 3573.1 4270.31 0.621632483346178
"11" "beach" 1 4985.92 3096.56 5869.25 0.621060907515564
"12" "beach" 0.630957 4329.8 2692.77 8081.12 0.621915561919719
"13" "beach" 0.398107 3773.65 2343.51 11158.1 0.621019437414705
"14" "beach" 0.251189 3398.33 2068.65 15838.5 0.608725462212322
"15" "beach" 0.15849 3116.12 1774.03 22624.3 0.569307343747994
"16" "beach" 0.1 2943.21 1559.89 33310.3 0.529996160654523
"17" "beach" 0.0630957 2929.55 1407.03 51507.8 0.480288781553481
"18" "beach" 0.0398107 3112.03 1283.59 84558.9 0.412460676792961
"19" "beach" 0.0251189 3457.34 1128.29 144783 0.326346266204654
"20" "beach" 0.015849 3834.77 1206.96 253659 0.314741170917682
"21" "beach" 0.01 4451.25 1008.86 456414 0.226646447627071
"22" "wreck" 100 92300.5 113195 1460.57 1.22637472169707
"23" "wreck" 63.0957 65206.7 90715.3 1770.63 1.3911959967304
"24" "wreck" 39.8105 44783.4 70993.1 2108.44 1.5852548042355
"25" "wreck" 25.1188 29837.5 54182.3 2462.49 1.81591286133222
"26" "wreck" 15.849 19352.5 40493.1 2831.72 2.09239633122336
"27" "wreck" 10.0001 12165.7 29528.4 3193.61 2.42718462562779
"28" "wreck" 6.30957 7436.28 21084.9 3543.47 2.83540964030402
"29" "wreck" 3.98105 4422.87 14761.9 3870.9 3.33762918647846
"30" "wreck" 2.51189 2564.25 10157 4170.42 3.96100224237106
"31" "wreck" 1.5849 1457.05 6884.94 4440.31 4.72525994303559
"32" "wreck" 1 809.569 4605.92 4676.52 5.68934828285174
"33" "wreck" 0.630957 443.619 3047.76 4881.28 6.87021971556674
"34" "wreck" 0.398107 242.94 2004.9 5072.93 8.25265497653742
"35" "wreck" 0.251189 131.62 1306.44 5227.37 9.92584713569366
"36" "wreck" 0.15849 70.6097 852.052 5394.51 12.0670672726268
"37" "wreck" 0.1 40.0692 556.64 5580.8 13.8919668972677
"38" "wreck" 0.0630957 26.1818 367.817 5844.26 14.0485757281776
"39" "wreck" 0.0398107 24.8232 253.788 6405.28 10.2238228753746
"40" "wreck" 0.0251189 33.079 189.892 7673.6 5.7405604764352
"41" "wreck" 0.015849 37.8758 148.25 9654.37 3.9141087448978
"42" "wreck" 0.01 39.8576 121.913 12826.3 3.05871402191803
